   1, 1500,  50,  50,  1,  100,4, 0.0010, 0.3000,   0.2000000000, 1.0000,  1, 4, 2,14,  5
   2, 1500,  50,  50,  1,  100,4, 0.0010, 0.3000,   0.2000000000, 1.0000,  5, 4, 2,14,  5
   3, 1500,  50,  50,  1,  100,4, 0.0010, 0.3000,   0.2000000000, 3.0000,  1, 4, 2,14,  5
   4, 1500,  50,  50,  1,  100,4, 0.0010, 0.3000,   0.2000000000, 3.0000,  5, 4, 2,14,  5
   5, 1500,  50,  50,  1,  100,4, 0.0010, 0.3000,   0.2000000000, 5.0000,  1, 4, 2,14,  5
   6, 1500,  50,  50,  1,  100,4, 0.0010, 0.3000,   0.2000000000, 5.0000,  5, 4, 2,14,  5
   7, 1500,  50,  50,  1,  100,4, 0.0010, 0.3000,   0.2000000000, 7.0000,  1, 4, 2,14,  5
   8, 1500,  50,  50,  1,  100,4, 0.0010, 0.3000,   0.2000000000, 7.0000,  5, 4, 2,14,  5
   9, 1500,  50,  50,  1,  100,4, 0.0010, 0.3000,   0.2000000000, 9.0000,  1, 4, 2,14,  5
  10, 1500,  50,  50,  1,  100,4, 0.0010, 0.3000,   0.2000000000, 9.0000,  5, 4, 2,14,  5
  11, 1500,  50,  50,  1,  100,4, 0.0010, 0.3000,   0.2000000000,11.0000,  1, 4, 2,14,  5
  12, 1500,  50,  50,  1,  100,4, 0.0010, 0.3000,   0.2000000000,11.0000,  5, 4, 2,14,  5
  13, 1500,  50,  50,  1,  100,4, 0.0010, 0.3000,   0.0500000000, 1.0000,  1, 4, 2,14,  5
  14, 1500,  50,  50,  1,  100,4, 0.0010, 0.3000,   0.0500000000, 1.0000,  5, 4, 2,14,  5
  15, 1500,  50,  50,  1,  100,4, 0.0010, 0.3000,   0.0500000000, 3.0000,  1, 4, 2,14,  5
  16, 1500,  50,  50,  1,  100,4, 0.0010, 0.3000,   0.0500000000, 3.0000,  5, 4, 2,14,  5
  17, 1500,  50,  50,  1,  100,4, 0.0010, 0.3000,   0.0500000000, 5.0000,  1, 4, 2,14,  5
  18, 1500,  50,  50,  1,  100,4, 0.0010, 0.3000,   0.0500000000, 5.0000,  5, 4, 2,14,  5
  19, 1500,  50,  50,  1,  100,4, 0.0010, 0.3000,   0.0500000000, 7.0000,  1, 4, 2,14,  5
  20, 1500,  50,  50,  1,  100,4, 0.0010, 0.3000,   0.0500000000, 7.0000,  5, 4, 2,14,  5
  21, 1500,  50,  50,  1,  100,4, 0.0010, 0.3000,   0.0500000000, 9.0000,  1, 4, 2,14,  5
  22, 1500,  50,  50,  1,  100,4, 0.0010, 0.3000,   0.0500000000, 9.0000,  5, 4, 2,14,  5
  23, 1500,  50,  50,  1,  100,4, 0.0010, 0.3000,   0.0500000000,11.0000,  1, 4, 2,14,  5
  24, 1500,  50,  50,  1,  100,4, 0.0010, 0.3000,   0.0500000000,11.0000,  5, 4, 2,14,  5
  25, 1500,  50,  50,  1,  100,4, 0.0010, 0.3000,   0.0125000000, 1.0000,  1, 4, 2,14,  5
  26, 1500,  50,  50,  1,  100,4, 0.0010, 0.3000,   0.0125000000, 1.0000,  5, 4, 2,14,  5
  27, 1500,  50,  50,  1,  100,4, 0.0010, 0.3000,   0.0125000000, 3.0000,  1, 4, 2,14,  5
  28, 1500,  50,  50,  1,  100,4, 0.0010, 0.3000,   0.0125000000, 3.0000,  5, 4, 2,14,  5
  29, 1500,  50,  50,  1,  100,4, 0.0010, 0.3000,   0.0125000000, 5.0000,  1, 4, 2,14,  5
  30, 1500,  50,  50,  1,  100,4, 0.0010, 0.3000,   0.0125000000, 5.0000,  5, 4, 2,14,  5
  31, 1500,  50,  50,  1,  100,4, 0.0010, 0.3000,   0.0125000000, 7.0000,  1, 4, 2,14,  5
  32, 1500,  50,  50,  1,  100,4, 0.0010, 0.3000,   0.0125000000, 7.0000,  5, 4, 2,14,  5
  33, 1500,  50,  50,  1,  100,4, 0.0010, 0.3000,   0.0125000000, 9.0000,  1, 4, 2,14,  5
  34, 1500,  50,  50,  1,  100,4, 0.0010, 0.3000,   0.0125000000, 9.0000,  5, 4, 2,14,  5
  35, 1500,  50,  50,  1,  100,4, 0.0010, 0.3000,   0.0125000000,11.0000,  1, 4, 2,14,  5
  36, 1500,  50,  50,  1,  100,4, 0.0010, 0.3000,   0.0125000000,11.0000,  5, 4, 2,14,  5
  37, 1500,  50,  50,  1,  100,4, 0.0010, 0.3000,   0.0031250000, 1.0000,  1, 4, 2,14,  5
  38, 1500,  50,  50,  1,  100,4, 0.0010, 0.3000,   0.0031250000, 1.0000,  5, 4, 2,14,  5
  39, 1500,  50,  50,  1,  100,4, 0.0010, 0.3000,   0.0031250000, 3.0000,  1, 4, 2,14,  5
  40, 1500,  50,  50,  1,  100,4, 0.0010, 0.3000,   0.0031250000, 3.0000,  5, 4, 2,14,  5
  41, 1500,  50,  50,  1,  100,4, 0.0010, 0.3000,   0.0031250000, 5.0000,  1, 4, 2,14,  5
  42, 1500,  50,  50,  1,  100,4, 0.0010, 0.3000,   0.0031250000, 5.0000,  5, 4, 2,14,  5
  43, 1500,  50,  50,  1,  100,4, 0.0010, 0.3000,   0.0031250000, 7.0000,  1, 4, 2,14,  5
  44, 1500,  50,  50,  1,  100,4, 0.0010, 0.3000,   0.0031250000, 7.0000,  5, 4, 2,14,  5
  45, 1500,  50,  50,  1,  100,4, 0.0010, 0.3000,   0.0031250000, 9.0000,  1, 4, 2,14,  5
  46, 1500,  50,  50,  1,  100,4, 0.0010, 0.3000,   0.0031250000, 9.0000,  5, 4, 2,14,  5
  47, 1500,  50,  50,  1,  100,4, 0.0010, 0.3000,   0.0031250000,11.0000,  1, 4, 2,14,  5
  48, 1500,  50,  50,  1,  100,4, 0.0010, 0.3000,   0.0031250000,11.0000,  5, 4, 2,14,  5
  49, 1500,  50,  50,  1,  100,4, 0.0010, 0.3000,   0.0007812500, 1.0000,  1, 4, 2,14,  5
  50, 1500,  50,  50,  1,  100,4, 0.0010, 0.3000,   0.0007812500, 1.0000,  5, 4, 2,14,  5
  51, 1500,  50,  50,  1,  100,4, 0.0010, 0.3000,   0.0007812500, 3.0000,  1, 4, 2,14,  5
  52, 1500,  50,  50,  1,  100,4, 0.0010, 0.3000,   0.0007812500, 3.0000,  5, 4, 2,14,  5
  53, 1500,  50,  50,  1,  100,4, 0.0010, 0.3000,   0.0007812500, 5.0000,  1, 4, 2,14,  5
  54, 1500,  50,  50,  1,  100,4, 0.0010, 0.3000,   0.0007812500, 5.0000,  5, 4, 2,14,  5
  55, 1500,  50,  50,  1,  100,4, 0.0010, 0.3000,   0.0007812500, 7.0000,  1, 4, 2,14,  5
  56, 1500,  50,  50,  1,  100,4, 0.0010, 0.3000,   0.0007812500, 7.0000,  5, 4, 2,14,  5
  57, 1500,  50,  50,  1,  100,4, 0.0010, 0.3000,   0.0007812500, 9.0000,  1, 4, 2,14,  5
  58, 1500,  50,  50,  1,  100,4, 0.0010, 0.3000,   0.0007812500, 9.0000,  5, 4, 2,14,  5
  59, 1500,  50,  50,  1,  100,4, 0.0010, 0.3000,   0.0007812500,11.0000,  1, 4, 2,14,  5
  60, 1500,  50,  50,  1,  100,4, 0.0010, 0.3000,   0.0007812500,11.0000,  5, 4, 2,14,  5
  61, 1500,  50,  50,  1,  100,4, 0.0010, 0.3000,   0.0001953125, 1.0000,  1, 4, 2,14,  5
  62, 1500,  50,  50,  1,  100,4, 0.0010, 0.3000,   0.0001953125, 1.0000,  5, 4, 2,14,  5
  63, 1500,  50,  50,  1,  100,4, 0.0010, 0.3000,   0.0001953125, 3.0000,  1, 4, 2,14,  5
  64, 1500,  50,  50,  1,  100,4, 0.0010, 0.3000,   0.0001953125, 3.0000,  5, 4, 2,14,  5
  65, 1500,  50,  50,  1,  100,4, 0.0010, 0.3000,   0.0001953125, 5.0000,  1, 4, 2,14,  5
  66, 1500,  50,  50,  1,  100,4, 0.0010, 0.3000,   0.0001953125, 5.0000,  5, 4, 2,14,  5
  67, 1500,  50,  50,  1,  100,4, 0.0010, 0.3000,   0.0001953125, 7.0000,  1, 4, 2,14,  5
  68, 1500,  50,  50,  1,  100,4, 0.0010, 0.3000,   0.0001953125, 7.0000,  5, 4, 2,14,  5
  69, 1500,  50,  50,  1,  100,4, 0.0010, 0.3000,   0.0001953125, 9.0000,  1, 4, 2,14,  5
  70, 1500,  50,  50,  1,  100,4, 0.0010, 0.3000,   0.0001953125, 9.0000,  5, 4, 2,14,  5
  71, 1500,  50,  50,  1,  100,4, 0.0010, 0.3000,   0.0001953125,11.0000,  1, 4, 2,14,  5
  72, 1500,  50,  50,  1,  100,4, 0.0010, 0.3000,   0.0001953125,11.0000,  5, 4, 2,14,  5
  73, 1500,  50,  50,  1,  100,4, 0.0010, 0.3000,   0.0000488281, 1.0000,  1, 4, 2,14,  5
  74, 1500,  50,  50,  1,  100,4, 0.0010, 0.3000,   0.0000488281, 1.0000,  5, 4, 2,14,  5
  75, 1500,  50,  50,  1,  100,4, 0.0010, 0.3000,   0.0000488281, 3.0000,  1, 4, 2,14,  5
  76, 1500,  50,  50,  1,  100,4, 0.0010, 0.3000,   0.0000488281, 3.0000,  5, 4, 2,14,  5
  77, 1500,  50,  50,  1,  100,4, 0.0010, 0.3000,   0.0000488281, 5.0000,  1, 4, 2,14,  5
  78, 1500,  50,  50,  1,  100,4, 0.0010, 0.3000,   0.0000488281, 5.0000,  5, 4, 2,14,  5
  79, 1500,  50,  50,  1,  100,4, 0.0010, 0.3000,   0.0000488281, 7.0000,  1, 4, 2,14,  5
  80, 1500,  50,  50,  1,  100,4, 0.0010, 0.3000,   0.0000488281, 7.0000,  5, 4, 2,14,  5
  81, 1500,  50,  50,  1,  100,4, 0.0010, 0.3000,   0.0000488281, 9.0000,  1, 4, 2,14,  5
  82, 1500,  50,  50,  1,  100,4, 0.0010, 0.3000,   0.0000488281, 9.0000,  5, 4, 2,14,  5
  83, 1500,  50,  50,  1,  100,4, 0.0010, 0.3000,   0.0000488281,11.0000,  1, 4, 2,14,  5
  84, 1500,  50,  50,  1,  100,4, 0.0010, 0.3000,   0.0000488281,11.0000,  5, 4, 2,14,  5
  85, 1500,  50,  50,  1,  100,4, 0.0010, 0.3000,   0.2000000000, 1.0000,  1, 4, 2,14,  5
  86, 1500,  50,  50,  1,  100,4, 0.0010, 0.3000,   0.2000000000, 1.0000,  5, 4, 2,14,  5
  87, 1500,  50,  50,  1,  100,4, 0.0010, 0.3000,   0.2000000000, 3.0000,  1, 4, 2,14,  5
  88, 1500,  50,  50,  1,  100,4, 0.0010, 0.3000,   0.2000000000, 3.0000,  5, 4, 2,14,  5
  89, 1500,  50,  50,  1,  100,4, 0.0010, 0.3000,   0.2000000000, 5.0000,  1, 4, 2,14,  5
  90, 1500,  50,  50,  1,  100,4, 0.0010, 0.3000,   0.2000000000, 5.0000,  5, 4, 2,14,  5
  91, 1500,  50,  50,  1,  100,4, 0.0010, 0.3000,   0.2000000000, 7.0000,  1, 4, 2,14,  5
  92, 1500,  50,  50,  1,  100,4, 0.0010, 0.3000,   0.2000000000, 7.0000,  5, 4, 2,14,  5
  93, 1500,  50,  50,  1,  100,4, 0.0010, 0.3000,   0.2000000000, 9.0000,  1, 4, 2,14,  5
  94, 1500,  50,  50,  1,  100,4, 0.0010, 0.3000,   0.2000000000, 9.0000,  5, 4, 2,14,  5
  95, 1500,  50,  50,  1,  100,4, 0.0010, 0.3000,   0.2000000000,11.0000,  1, 4, 2,14,  5
  96, 1500,  50,  50,  1,  100,4, 0.0010, 0.3000,   0.2000000000,11.0000,  5, 4, 2,14,  5
  97, 1500,  50,  50,  1,  100,4, 0.0010, 0.3000,   0.0500000000, 1.0000,  1, 4, 2,14,  5
  98, 1500,  50,  50,  1,  100,4, 0.0010, 0.3000,   0.0500000000, 1.0000,  5, 4, 2,14,  5
  99, 1500,  50,  50,  1,  100,4, 0.0010, 0.3000,   0.0500000000, 3.0000,  1, 4, 2,14,  5
 100, 1500,  50,  50,  1,  100,4, 0.0010, 0.3000,   0.0500000000, 3.0000,  5, 4, 2,14,  5
 101, 1500,  50,  50,  1,  100,4, 0.0010, 0.3000,   0.0500000000, 5.0000,  1, 4, 2,14,  5
 102, 1500,  50,  50,  1,  100,4, 0.0010, 0.3000,   0.0500000000, 5.0000,  5, 4, 2,14,  5
 103, 1500,  50,  50,  1,  100,4, 0.0010, 0.3000,   0.0500000000, 7.0000,  1, 4, 2,14,  5
 104, 1500,  50,  50,  1,  100,4, 0.0010, 0.3000,   0.0500000000, 7.0000,  5, 4, 2,14,  5
 105, 1500,  50,  50,  1,  100,4, 0.0010, 0.3000,   0.0500000000, 9.0000,  1, 4, 2,14,  5
 106, 1500,  50,  50,  1,  100,4, 0.0010, 0.3000,   0.0500000000, 9.0000,  5, 4, 2,14,  5
 107, 1500,  50,  50,  1,  100,4, 0.0010, 0.3000,   0.0500000000,11.0000,  1, 4, 2,14,  5
 108, 1500,  50,  50,  1,  100,4, 0.0010, 0.3000,   0.0500000000,11.0000,  5, 4, 2,14,  5
 109, 1500,  50,  50,  1,  100,4, 0.0010, 0.3000,   0.0125000000, 1.0000,  1, 4, 2,14,  5
 110, 1500,  50,  50,  1,  100,4, 0.0010, 0.3000,   0.0125000000, 1.0000,  5, 4, 2,14,  5
 111, 1500,  50,  50,  1,  100,4, 0.0010, 0.3000,   0.0125000000, 3.0000,  1, 4, 2,14,  5
 112, 1500,  50,  50,  1,  100,4, 0.0010, 0.3000,   0.0125000000, 3.0000,  5, 4, 2,14,  5
 113, 1500,  50,  50,  1,  100,4, 0.0010, 0.3000,   0.0125000000, 5.0000,  1, 4, 2,14,  5
 114, 1500,  50,  50,  1,  100,4, 0.0010, 0.3000,   0.0125000000, 5.0000,  5, 4, 2,14,  5
 115, 1500,  50,  50,  1,  100,4, 0.0010, 0.3000,   0.0125000000, 7.0000,  1, 4, 2,14,  5
 116, 1500,  50,  50,  1,  100,4, 0.0010, 0.3000,   0.0125000000, 7.0000,  5, 4, 2,14,  5
 117, 1500,  50,  50,  1,  100,4, 0.0010, 0.3000,   0.0125000000, 9.0000,  1, 4, 2,14,  5
 118, 1500,  50,  50,  1,  100,4, 0.0010, 0.3000,   0.0125000000, 9.0000,  5, 4, 2,14,  5
 119, 1500,  50,  50,  1,  100,4, 0.0010, 0.3000,   0.0125000000,11.0000,  1, 4, 2,14,  5
 120, 1500,  50,  50,  1,  100,4, 0.0010, 0.3000,   0.0125000000,11.0000,  5, 4, 2,14,  5
 121, 1500,  50,  50,  1,  100,4, 0.0010, 0.3000,   0.0031250000, 1.0000,  1, 4, 2,14,  5
 122, 1500,  50,  50,  1,  100,4, 0.0010, 0.3000,   0.0031250000, 1.0000,  5, 4, 2,14,  5
 123, 1500,  50,  50,  1,  100,4, 0.0010, 0.3000,   0.0031250000, 3.0000,  1, 4, 2,14,  5
 124, 1500,  50,  50,  1,  100,4, 0.0010, 0.3000,   0.0031250000, 3.0000,  5, 4, 2,14,  5
 125, 1500,  50,  50,  1,  100,4, 0.0010, 0.3000,   0.0031250000, 5.0000,  1, 4, 2,14,  5
 126, 1500,  50,  50,  1,  100,4, 0.0010, 0.3000,   0.0031250000, 5.0000,  5, 4, 2,14,  5
 127, 1500,  50,  50,  1,  100,4, 0.0010, 0.3000,   0.0031250000, 7.0000,  1, 4, 2,14,  5
 128, 1500,  50,  50,  1,  100,4, 0.0010, 0.3000,   0.0031250000, 7.0000,  5, 4, 2,14,  5
 129, 1500,  50,  50,  1,  100,4, 0.0010, 0.3000,   0.0031250000, 9.0000,  1, 4, 2,14,  5
 130, 1500,  50,  50,  1,  100,4, 0.0010, 0.3000,   0.0031250000, 9.0000,  5, 4, 2,14,  5
 131, 1500,  50,  50,  1,  100,4, 0.0010, 0.3000,   0.0031250000,11.0000,  1, 4, 2,14,  5
 132, 1500,  50,  50,  1,  100,4, 0.0010, 0.3000,   0.0031250000,11.0000,  5, 4, 2,14,  5
 133, 1500,  50,  50,  1,  100,4, 0.0010, 0.3000,   0.0007812500, 1.0000,  1, 4, 2,14,  5
 134, 1500,  50,  50,  1,  100,4, 0.0010, 0.3000,   0.0007812500, 1.0000,  5, 4, 2,14,  5
 135, 1500,  50,  50,  1,  100,4, 0.0010, 0.3000,   0.0007812500, 3.0000,  1, 4, 2,14,  5
 136, 1500,  50,  50,  1,  100,4, 0.0010, 0.3000,   0.0007812500, 3.0000,  5, 4, 2,14,  5
 137, 1500,  50,  50,  1,  100,4, 0.0010, 0.3000,   0.0007812500, 5.0000,  1, 4, 2,14,  5
 138, 1500,  50,  50,  1,  100,4, 0.0010, 0.3000,   0.0007812500, 5.0000,  5, 4, 2,14,  5
 139, 1500,  50,  50,  1,  100,4, 0.0010, 0.3000,   0.0007812500, 7.0000,  1, 4, 2,14,  5
 140, 1500,  50,  50,  1,  100,4, 0.0010, 0.3000,   0.0007812500, 7.0000,  5, 4, 2,14,  5
 141, 1500,  50,  50,  1,  100,4, 0.0010, 0.3000,   0.0007812500, 9.0000,  1, 4, 2,14,  5
 142, 1500,  50,  50,  1,  100,4, 0.0010, 0.3000,   0.0007812500, 9.0000,  5, 4, 2,14,  5
 143, 1500,  50,  50,  1,  100,4, 0.0010, 0.3000,   0.0007812500,11.0000,  1, 4, 2,14,  5
 144, 1500,  50,  50,  1,  100,4, 0.0010, 0.3000,   0.0007812500,11.0000,  5, 4, 2,14,  5
 145, 1500,  50,  50,  1,  100,4, 0.0010, 0.3000,   0.0001953125, 1.0000,  1, 4, 2,14,  5
 146, 1500,  50,  50,  1,  100,4, 0.0010, 0.3000,   0.0001953125, 1.0000,  5, 4, 2,14,  5
 147, 1500,  50,  50,  1,  100,4, 0.0010, 0.3000,   0.0001953125, 3.0000,  1, 4, 2,14,  5
 148, 1500,  50,  50,  1,  100,4, 0.0010, 0.3000,   0.0001953125, 3.0000,  5, 4, 2,14,  5
 149, 1500,  50,  50,  1,  100,4, 0.0010, 0.3000,   0.0001953125, 5.0000,  1, 4, 2,14,  5
 150, 1500,  50,  50,  1,  100,4, 0.0010, 0.3000,   0.0001953125, 5.0000,  5, 4, 2,14,  5
 151, 1500,  50,  50,  1,  100,4, 0.0010, 0.3000,   0.0001953125, 7.0000,  1, 4, 2,14,  5
 152, 1500,  50,  50,  1,  100,4, 0.0010, 0.3000,   0.0001953125, 7.0000,  5, 4, 2,14,  5
 153, 1500,  50,  50,  1,  100,4, 0.0010, 0.3000,   0.0001953125, 9.0000,  1, 4, 2,14,  5
 154, 1500,  50,  50,  1,  100,4, 0.0010, 0.3000,   0.0001953125, 9.0000,  5, 4, 2,14,  5
 155, 1500,  50,  50,  1,  100,4, 0.0010, 0.3000,   0.0001953125,11.0000,  1, 4, 2,14,  5
 156, 1500,  50,  50,  1,  100,4, 0.0010, 0.3000,   0.0001953125,11.0000,  5, 4, 2,14,  5
 157, 1500,  50,  50,  1,  100,4, 0.0010, 0.3000,   0.0000488281, 1.0000,  1, 4, 2,14,  5
 158, 1500,  50,  50,  1,  100,4, 0.0010, 0.3000,   0.0000488281, 1.0000,  5, 4, 2,14,  5
 159, 1500,  50,  50,  1,  100,4, 0.0010, 0.3000,   0.0000488281, 3.0000,  1, 4, 2,14,  5
 160, 1500,  50,  50,  1,  100,4, 0.0010, 0.3000,   0.0000488281, 3.0000,  5, 4, 2,14,  5
 161, 1500,  50,  50,  1,  100,4, 0.0010, 0.3000,   0.0000488281, 5.0000,  1, 4, 2,14,  5
 162, 1500,  50,  50,  1,  100,4, 0.0010, 0.3000,   0.0000488281, 5.0000,  5, 4, 2,14,  5
 163, 1500,  50,  50,  1,  100,4, 0.0010, 0.3000,   0.0000488281, 7.0000,  1, 4, 2,14,  5
 164, 1500,  50,  50,  1,  100,4, 0.0010, 0.3000,   0.0000488281, 7.0000,  5, 4, 2,14,  5
 165, 1500,  50,  50,  1,  100,4, 0.0010, 0.3000,   0.0000488281, 9.0000,  1, 4, 2,14,  5
 166, 1500,  50,  50,  1,  100,4, 0.0010, 0.3000,   0.0000488281, 9.0000,  5, 4, 2,14,  5
 167, 1500,  50,  50,  1,  100,4, 0.0010, 0.3000,   0.0000488281,11.0000,  1, 4, 2,14,  5
 168, 1500,  50,  50,  1,  100,4, 0.0010, 0.3000,   0.0000488281,11.0000,  5, 4, 2,14,  5
 169, 1500,  50,  50,  1,  100,4, 0.0010, 0.3000,   0.2000000000, 1.0000,  1, 4, 2,14,  5
 170, 1500,  50,  50,  1,  100,4, 0.0010, 0.3000,   0.2000000000, 1.0000,  5, 4, 2,14,  5
 171, 1500,  50,  50,  1,  100,4, 0.0010, 0.3000,   0.2000000000, 3.0000,  1, 4, 2,14,  5
 172, 1500,  50,  50,  1,  100,4, 0.0010, 0.3000,   0.2000000000, 3.0000,  5, 4, 2,14,  5
 173, 1500,  50,  50,  1,  100,4, 0.0010, 0.3000,   0.2000000000, 5.0000,  1, 4, 2,14,  5
 174, 1500,  50,  50,  1,  100,4, 0.0010, 0.3000,   0.2000000000, 5.0000,  5, 4, 2,14,  5
 175, 1500,  50,  50,  1,  100,4, 0.0010, 0.3000,   0.2000000000, 7.0000,  1, 4, 2,14,  5
 176, 1500,  50,  50,  1,  100,4, 0.0010, 0.3000,   0.2000000000, 7.0000,  5, 4, 2,14,  5
 177, 1500,  50,  50,  1,  100,4, 0.0010, 0.3000,   0.2000000000, 9.0000,  1, 4, 2,14,  5
 178, 1500,  50,  50,  1,  100,4, 0.0010, 0.3000,   0.2000000000, 9.0000,  5, 4, 2,14,  5
 179, 1500,  50,  50,  1,  100,4, 0.0010, 0.3000,   0.2000000000,11.0000,  1, 4, 2,14,  5
 180, 1500,  50,  50,  1,  100,4, 0.0010, 0.3000,   0.2000000000,11.0000,  5, 4, 2,14,  5
 181, 1500,  50,  50,  1,  100,4, 0.0010, 0.3000,   0.0500000000, 1.0000,  1, 4, 2,14,  5
 182, 1500,  50,  50,  1,  100,4, 0.0010, 0.3000,   0.0500000000, 1.0000,  5, 4, 2,14,  5
 183, 1500,  50,  50,  1,  100,4, 0.0010, 0.3000,   0.0500000000, 3.0000,  1, 4, 2,14,  5
 184, 1500,  50,  50,  1,  100,4, 0.0010, 0.3000,   0.0500000000, 3.0000,  5, 4, 2,14,  5
 185, 1500,  50,  50,  1,  100,4, 0.0010, 0.3000,   0.0500000000, 5.0000,  1, 4, 2,14,  5
 186, 1500,  50,  50,  1,  100,4, 0.0010, 0.3000,   0.0500000000, 5.0000,  5, 4, 2,14,  5
 187, 1500,  50,  50,  1,  100,4, 0.0010, 0.3000,   0.0500000000, 7.0000,  1, 4, 2,14,  5
 188, 1500,  50,  50,  1,  100,4, 0.0010, 0.3000,   0.0500000000, 7.0000,  5, 4, 2,14,  5
 189, 1500,  50,  50,  1,  100,4, 0.0010, 0.3000,   0.0500000000, 9.0000,  1, 4, 2,14,  5
 190, 1500,  50,  50,  1,  100,4, 0.0010, 0.3000,   0.0500000000, 9.0000,  5, 4, 2,14,  5
 191, 1500,  50,  50,  1,  100,4, 0.0010, 0.3000,   0.0500000000,11.0000,  1, 4, 2,14,  5
 192, 1500,  50,  50,  1,  100,4, 0.0010, 0.3000,   0.0500000000,11.0000,  5, 4, 2,14,  5
 193, 1500,  50,  50,  1,  100,4, 0.0010, 0.3000,   0.0125000000, 1.0000,  1, 4, 2,14,  5
 194, 1500,  50,  50,  1,  100,4, 0.0010, 0.3000,   0.0125000000, 1.0000,  5, 4, 2,14,  5
 195, 1500,  50,  50,  1,  100,4, 0.0010, 0.3000,   0.0125000000, 3.0000,  1, 4, 2,14,  5
 196, 1500,  50,  50,  1,  100,4, 0.0010, 0.3000,   0.0125000000, 3.0000,  5, 4, 2,14,  5
 197, 1500,  50,  50,  1,  100,4, 0.0010, 0.3000,   0.0125000000, 5.0000,  1, 4, 2,14,  5
 198, 1500,  50,  50,  1,  100,4, 0.0010, 0.3000,   0.0125000000, 5.0000,  5, 4, 2,14,  5
 199, 1500,  50,  50,  1,  100,4, 0.0010, 0.3000,   0.0125000000, 7.0000,  1, 4, 2,14,  5
 200, 1500,  50,  50,  1,  100,4, 0.0010, 0.3000,   0.0125000000, 7.0000,  5, 4, 2,14,  5
 201, 1500,  50,  50,  1,  100,4, 0.0010, 0.3000,   0.0125000000, 9.0000,  1, 4, 2,14,  5
 202, 1500,  50,  50,  1,  100,4, 0.0010, 0.3000,   0.0125000000, 9.0000,  5, 4, 2,14,  5
 203, 1500,  50,  50,  1,  100,4, 0.0010, 0.3000,   0.0125000000,11.0000,  1, 4, 2,14,  5
 204, 1500,  50,  50,  1,  100,4, 0.0010, 0.3000,   0.0125000000,11.0000,  5, 4, 2,14,  5
 205, 1500,  50,  50,  1,  100,4, 0.0010, 0.3000,   0.0031250000, 1.0000,  1, 4, 2,14,  5
 206, 1500,  50,  50,  1,  100,4, 0.0010, 0.3000,   0.0031250000, 1.0000,  5, 4, 2,14,  5
 207, 1500,  50,  50,  1,  100,4, 0.0010, 0.3000,   0.0031250000, 3.0000,  1, 4, 2,14,  5
 208, 1500,  50,  50,  1,  100,4, 0.0010, 0.3000,   0.0031250000, 3.0000,  5, 4, 2,14,  5
 209, 1500,  50,  50,  1,  100,4, 0.0010, 0.3000,   0.0031250000, 5.0000,  1, 4, 2,14,  5
 210, 1500,  50,  50,  1,  100,4, 0.0010, 0.3000,   0.0031250000, 5.0000,  5, 4, 2,14,  5
 211, 1500,  50,  50,  1,  100,4, 0.0010, 0.3000,   0.0031250000, 7.0000,  1, 4, 2,14,  5
 212, 1500,  50,  50,  1,  100,4, 0.0010, 0.3000,   0.0031250000, 7.0000,  5, 4, 2,14,  5
 213, 1500,  50,  50,  1,  100,4, 0.0010, 0.3000,   0.0031250000, 9.0000,  1, 4, 2,14,  5
 214, 1500,  50,  50,  1,  100,4, 0.0010, 0.3000,   0.0031250000, 9.0000,  5, 4, 2,14,  5
 215, 1500,  50,  50,  1,  100,4, 0.0010, 0.3000,   0.0031250000,11.0000,  1, 4, 2,14,  5
 216, 1500,  50,  50,  1,  100,4, 0.0010, 0.3000,   0.0031250000,11.0000,  5, 4, 2,14,  5
 217, 1500,  50,  50,  1,  100,4, 0.0010, 0.3000,   0.0007812500, 1.0000,  1, 4, 2,14,  5
 218, 1500,  50,  50,  1,  100,4, 0.0010, 0.3000,   0.0007812500, 1.0000,  5, 4, 2,14,  5
 219, 1500,  50,  50,  1,  100,4, 0.0010, 0.3000,   0.0007812500, 3.0000,  1, 4, 2,14,  5
 220, 1500,  50,  50,  1,  100,4, 0.0010, 0.3000,   0.0007812500, 3.0000,  5, 4, 2,14,  5
 221, 1500,  50,  50,  1,  100,4, 0.0010, 0.3000,   0.0007812500, 5.0000,  1, 4, 2,14,  5
 222, 1500,  50,  50,  1,  100,4, 0.0010, 0.3000,   0.0007812500, 5.0000,  5, 4, 2,14,  5
 223, 1500,  50,  50,  1,  100,4, 0.0010, 0.3000,   0.0007812500, 7.0000,  1, 4, 2,14,  5
 224, 1500,  50,  50,  1,  100,4, 0.0010, 0.3000,   0.0007812500, 7.0000,  5, 4, 2,14,  5
 225, 1500,  50,  50,  1,  100,4, 0.0010, 0.3000,   0.0007812500, 9.0000,  1, 4, 2,14,  5
 226, 1500,  50,  50,  1,  100,4, 0.0010, 0.3000,   0.0007812500, 9.0000,  5, 4, 2,14,  5
 227, 1500,  50,  50,  1,  100,4, 0.0010, 0.3000,   0.0007812500,11.0000,  1, 4, 2,14,  5
 228, 1500,  50,  50,  1,  100,4, 0.0010, 0.3000,   0.0007812500,11.0000,  5, 4, 2,14,  5
 229, 1500,  50,  50,  1,  100,4, 0.0010, 0.3000,   0.0001953125, 1.0000,  1, 4, 2,14,  5
 230, 1500,  50,  50,  1,  100,4, 0.0010, 0.3000,   0.0001953125, 1.0000,  5, 4, 2,14,  5
 231, 1500,  50,  50,  1,  100,4, 0.0010, 0.3000,   0.0001953125, 3.0000,  1, 4, 2,14,  5
 232, 1500,  50,  50,  1,  100,4, 0.0010, 0.3000,   0.0001953125, 3.0000,  5, 4, 2,14,  5
 233, 1500,  50,  50,  1,  100,4, 0.0010, 0.3000,   0.0001953125, 5.0000,  1, 4, 2,14,  5
 234, 1500,  50,  50,  1,  100,4, 0.0010, 0.3000,   0.0001953125, 5.0000,  5, 4, 2,14,  5
 235, 1500,  50,  50,  1,  100,4, 0.0010, 0.3000,   0.0001953125, 7.0000,  1, 4, 2,14,  5
 236, 1500,  50,  50,  1,  100,4, 0.0010, 0.3000,   0.0001953125, 7.0000,  5, 4, 2,14,  5
 237, 1500,  50,  50,  1,  100,4, 0.0010, 0.3000,   0.0001953125, 9.0000,  1, 4, 2,14,  5
 238, 1500,  50,  50,  1,  100,4, 0.0010, 0.3000,   0.0001953125, 9.0000,  5, 4, 2,14,  5
 239, 1500,  50,  50,  1,  100,4, 0.0010, 0.3000,   0.0001953125,11.0000,  1, 4, 2,14,  5
 240, 1500,  50,  50,  1,  100,4, 0.0010, 0.3000,   0.0001953125,11.0000,  5, 4, 2,14,  5
 241, 1500,  50,  50,  1,  100,4, 0.0010, 0.3000,   0.0000488281, 1.0000,  1, 4, 2,14,  5
 242, 1500,  50,  50,  1,  100,4, 0.0010, 0.3000,   0.0000488281, 1.0000,  5, 4, 2,14,  5
 243, 1500,  50,  50,  1,  100,4, 0.0010, 0.3000,   0.0000488281, 3.0000,  1, 4, 2,14,  5
 244, 1500,  50,  50,  1,  100,4, 0.0010, 0.3000,   0.0000488281, 3.0000,  5, 4, 2,14,  5
 245, 1500,  50,  50,  1,  100,4, 0.0010, 0.3000,   0.0000488281, 5.0000,  1, 4, 2,14,  5
 246, 1500,  50,  50,  1,  100,4, 0.0010, 0.3000,   0.0000488281, 5.0000,  5, 4, 2,14,  5
 247, 1500,  50,  50,  1,  100,4, 0.0010, 0.3000,   0.0000488281, 7.0000,  1, 4, 2,14,  5
 248, 1500,  50,  50,  1,  100,4, 0.0010, 0.3000,   0.0000488281, 7.0000,  5, 4, 2,14,  5
 249, 1500,  50,  50,  1,  100,4, 0.0010, 0.3000,   0.0000488281, 9.0000,  1, 4, 2,14,  5
 250, 1500,  50,  50,  1,  100,4, 0.0010, 0.3000,   0.0000488281, 9.0000,  5, 4, 2,14,  5
 251, 1500,  50,  50,  1,  100,4, 0.0010, 0.3000,   0.0000488281,11.0000,  1, 4, 2,14,  5
 252, 1500,  50,  50,  1,  100,4, 0.0010, 0.3000,   0.0000488281,11.0000,  5, 4, 2,14,  5
 253, 1500,  50,  50,  1,  100,4, 0.0010, 0.3000,   0.2000000000, 1.0000,  1, 4, 2,14,  5
 254, 1500,  50,  50,  1,  100,4, 0.0010, 0.3000,   0.2000000000, 1.0000,  5, 4, 2,14,  5
 255, 1500,  50,  50,  1,  100,4, 0.0010, 0.3000,   0.2000000000, 3.0000,  1, 4, 2,14,  5
 256, 1500,  50,  50,  1,  100,4, 0.0010, 0.3000,   0.2000000000, 3.0000,  5, 4, 2,14,  5
 257, 1500,  50,  50,  1,  100,4, 0.0010, 0.3000,   0.2000000000, 5.0000,  1, 4, 2,14,  5
 258, 1500,  50,  50,  1,  100,4, 0.0010, 0.3000,   0.2000000000, 5.0000,  5, 4, 2,14,  5
 259, 1500,  50,  50,  1,  100,4, 0.0010, 0.3000,   0.2000000000, 7.0000,  1, 4, 2,14,  5
 260, 1500,  50,  50,  1,  100,4, 0.0010, 0.3000,   0.2000000000, 7.0000,  5, 4, 2,14,  5
 261, 1500,  50,  50,  1,  100,4, 0.0010, 0.3000,   0.2000000000, 9.0000,  1, 4, 2,14,  5
 262, 1500,  50,  50,  1,  100,4, 0.0010, 0.3000,   0.2000000000, 9.0000,  5, 4, 2,14,  5
 263, 1500,  50,  50,  1,  100,4, 0.0010, 0.3000,   0.2000000000,11.0000,  1, 4, 2,14,  5
 264, 1500,  50,  50,  1,  100,4, 0.0010, 0.3000,   0.2000000000,11.0000,  5, 4, 2,14,  5
 265, 1500,  50,  50,  1,  100,4, 0.0010, 0.3000,   0.0500000000, 1.0000,  1, 4, 2,14,  5
 266, 1500,  50,  50,  1,  100,4, 0.0010, 0.3000,   0.0500000000, 1.0000,  5, 4, 2,14,  5
 267, 1500,  50,  50,  1,  100,4, 0.0010, 0.3000,   0.0500000000, 3.0000,  1, 4, 2,14,  5
 268, 1500,  50,  50,  1,  100,4, 0.0010, 0.3000,   0.0500000000, 3.0000,  5, 4, 2,14,  5
 269, 1500,  50,  50,  1,  100,4, 0.0010, 0.3000,   0.0500000000, 5.0000,  1, 4, 2,14,  5
 270, 1500,  50,  50,  1,  100,4, 0.0010, 0.3000,   0.0500000000, 5.0000,  5, 4, 2,14,  5
 271, 1500,  50,  50,  1,  100,4, 0.0010, 0.3000,   0.0500000000, 7.0000,  1, 4, 2,14,  5
 272, 1500,  50,  50,  1,  100,4, 0.0010, 0.3000,   0.0500000000, 7.0000,  5, 4, 2,14,  5
 273, 1500,  50,  50,  1,  100,4, 0.0010, 0.3000,   0.0500000000, 9.0000,  1, 4, 2,14,  5
 274, 1500,  50,  50,  1,  100,4, 0.0010, 0.3000,   0.0500000000, 9.0000,  5, 4, 2,14,  5
 275, 1500,  50,  50,  1,  100,4, 0.0010, 0.3000,   0.0500000000,11.0000,  1, 4, 2,14,  5
 276, 1500,  50,  50,  1,  100,4, 0.0010, 0.3000,   0.0500000000,11.0000,  5, 4, 2,14,  5
 277, 1500,  50,  50,  1,  100,4, 0.0010, 0.3000,   0.0125000000, 1.0000,  1, 4, 2,14,  5
 278, 1500,  50,  50,  1,  100,4, 0.0010, 0.3000,   0.0125000000, 1.0000,  5, 4, 2,14,  5
 279, 1500,  50,  50,  1,  100,4, 0.0010, 0.3000,   0.0125000000, 3.0000,  1, 4, 2,14,  5
 280, 1500,  50,  50,  1,  100,4, 0.0010, 0.3000,   0.0125000000, 3.0000,  5, 4, 2,14,  5
 281, 1500,  50,  50,  1,  100,4, 0.0010, 0.3000,   0.0125000000, 5.0000,  1, 4, 2,14,  5
 282, 1500,  50,  50,  1,  100,4, 0.0010, 0.3000,   0.0125000000, 5.0000,  5, 4, 2,14,  5
 283, 1500,  50,  50,  1,  100,4, 0.0010, 0.3000,   0.0125000000, 7.0000,  1, 4, 2,14,  5
 284, 1500,  50,  50,  1,  100,4, 0.0010, 0.3000,   0.0125000000, 7.0000,  5, 4, 2,14,  5
 285, 1500,  50,  50,  1,  100,4, 0.0010, 0.3000,   0.0125000000, 9.0000,  1, 4, 2,14,  5
 286, 1500,  50,  50,  1,  100,4, 0.0010, 0.3000,   0.0125000000, 9.0000,  5, 4, 2,14,  5
 287, 1500,  50,  50,  1,  100,4, 0.0010, 0.3000,   0.0125000000,11.0000,  1, 4, 2,14,  5
 288, 1500,  50,  50,  1,  100,4, 0.0010, 0.3000,   0.0125000000,11.0000,  5, 4, 2,14,  5
 289, 1500,  50,  50,  1,  100,4, 0.0010, 0.3000,   0.0031250000, 1.0000,  1, 4, 2,14,  5
 290, 1500,  50,  50,  1,  100,4, 0.0010, 0.3000,   0.0031250000, 1.0000,  5, 4, 2,14,  5
 291, 1500,  50,  50,  1,  100,4, 0.0010, 0.3000,   0.0031250000, 3.0000,  1, 4, 2,14,  5
 292, 1500,  50,  50,  1,  100,4, 0.0010, 0.3000,   0.0031250000, 3.0000,  5, 4, 2,14,  5
 293, 1500,  50,  50,  1,  100,4, 0.0010, 0.3000,   0.0031250000, 5.0000,  1, 4, 2,14,  5
 294, 1500,  50,  50,  1,  100,4, 0.0010, 0.3000,   0.0031250000, 5.0000,  5, 4, 2,14,  5
 295, 1500,  50,  50,  1,  100,4, 0.0010, 0.3000,   0.0031250000, 7.0000,  1, 4, 2,14,  5
 296, 1500,  50,  50,  1,  100,4, 0.0010, 0.3000,   0.0031250000, 7.0000,  5, 4, 2,14,  5
 297, 1500,  50,  50,  1,  100,4, 0.0010, 0.3000,   0.0031250000, 9.0000,  1, 4, 2,14,  5
 298, 1500,  50,  50,  1,  100,4, 0.0010, 0.3000,   0.0031250000, 9.0000,  5, 4, 2,14,  5
 299, 1500,  50,  50,  1,  100,4, 0.0010, 0.3000,   0.0031250000,11.0000,  1, 4, 2,14,  5
 300, 1500,  50,  50,  1,  100,4, 0.0010, 0.3000,   0.0031250000,11.0000,  5, 4, 2,14,  5
 301, 1500,  50,  50,  1,  100,4, 0.0010, 0.3000,   0.0007812500, 1.0000,  1, 4, 2,14,  5
 302, 1500,  50,  50,  1,  100,4, 0.0010, 0.3000,   0.0007812500, 1.0000,  5, 4, 2,14,  5
 303, 1500,  50,  50,  1,  100,4, 0.0010, 0.3000,   0.0007812500, 3.0000,  1, 4, 2,14,  5
 304, 1500,  50,  50,  1,  100,4, 0.0010, 0.3000,   0.0007812500, 3.0000,  5, 4, 2,14,  5
 305, 1500,  50,  50,  1,  100,4, 0.0010, 0.3000,   0.0007812500, 5.0000,  1, 4, 2,14,  5
 306, 1500,  50,  50,  1,  100,4, 0.0010, 0.3000,   0.0007812500, 5.0000,  5, 4, 2,14,  5
 307, 1500,  50,  50,  1,  100,4, 0.0010, 0.3000,   0.0007812500, 7.0000,  1, 4, 2,14,  5
 308, 1500,  50,  50,  1,  100,4, 0.0010, 0.3000,   0.0007812500, 7.0000,  5, 4, 2,14,  5
 309, 1500,  50,  50,  1,  100,4, 0.0010, 0.3000,   0.0007812500, 9.0000,  1, 4, 2,14,  5
 310, 1500,  50,  50,  1,  100,4, 0.0010, 0.3000,   0.0007812500, 9.0000,  5, 4, 2,14,  5
 311, 1500,  50,  50,  1,  100,4, 0.0010, 0.3000,   0.0007812500,11.0000,  1, 4, 2,14,  5
 312, 1500,  50,  50,  1,  100,4, 0.0010, 0.3000,   0.0007812500,11.0000,  5, 4, 2,14,  5
 313, 1500,  50,  50,  1,  100,4, 0.0010, 0.3000,   0.0001953125, 1.0000,  1, 4, 2,14,  5
 314, 1500,  50,  50,  1,  100,4, 0.0010, 0.3000,   0.0001953125, 1.0000,  5, 4, 2,14,  5
 315, 1500,  50,  50,  1,  100,4, 0.0010, 0.3000,   0.0001953125, 3.0000,  1, 4, 2,14,  5
 316, 1500,  50,  50,  1,  100,4, 0.0010, 0.3000,   0.0001953125, 3.0000,  5, 4, 2,14,  5
 317, 1500,  50,  50,  1,  100,4, 0.0010, 0.3000,   0.0001953125, 5.0000,  1, 4, 2,14,  5
 318, 1500,  50,  50,  1,  100,4, 0.0010, 0.3000,   0.0001953125, 5.0000,  5, 4, 2,14,  5
 319, 1500,  50,  50,  1,  100,4, 0.0010, 0.3000,   0.0001953125, 7.0000,  1, 4, 2,14,  5
 320, 1500,  50,  50,  1,  100,4, 0.0010, 0.3000,   0.0001953125, 7.0000,  5, 4, 2,14,  5
 321, 1500,  50,  50,  1,  100,4, 0.0010, 0.3000,   0.0001953125, 9.0000,  1, 4, 2,14,  5
 322, 1500,  50,  50,  1,  100,4, 0.0010, 0.3000,   0.0001953125, 9.0000,  5, 4, 2,14,  5
 323, 1500,  50,  50,  1,  100,4, 0.0010, 0.3000,   0.0001953125,11.0000,  1, 4, 2,14,  5
 324, 1500,  50,  50,  1,  100,4, 0.0010, 0.3000,   0.0001953125,11.0000,  5, 4, 2,14,  5
 325, 1500,  50,  50,  1,  100,4, 0.0010, 0.3000,   0.0000488281, 1.0000,  1, 4, 2,14,  5
 326, 1500,  50,  50,  1,  100,4, 0.0010, 0.3000,   0.0000488281, 1.0000,  5, 4, 2,14,  5
 327, 1500,  50,  50,  1,  100,4, 0.0010, 0.3000,   0.0000488281, 3.0000,  1, 4, 2,14,  5
 328, 1500,  50,  50,  1,  100,4, 0.0010, 0.3000,   0.0000488281, 3.0000,  5, 4, 2,14,  5
 329, 1500,  50,  50,  1,  100,4, 0.0010, 0.3000,   0.0000488281, 5.0000,  1, 4, 2,14,  5
 330, 1500,  50,  50,  1,  100,4, 0.0010, 0.3000,   0.0000488281, 5.0000,  5, 4, 2,14,  5
 331, 1500,  50,  50,  1,  100,4, 0.0010, 0.3000,   0.0000488281, 7.0000,  1, 4, 2,14,  5
 332, 1500,  50,  50,  1,  100,4, 0.0010, 0.3000,   0.0000488281, 7.0000,  5, 4, 2,14,  5
 333, 1500,  50,  50,  1,  100,4, 0.0010, 0.3000,   0.0000488281, 9.0000,  1, 4, 2,14,  5
 334, 1500,  50,  50,  1,  100,4, 0.0010, 0.3000,   0.0000488281, 9.0000,  5, 4, 2,14,  5
 335, 1500,  50,  50,  1,  100,4, 0.0010, 0.3000,   0.0000488281,11.0000,  1, 4, 2,14,  5
 336, 1500,  50,  50,  1,  100,4, 0.0010, 0.3000,   0.0000488281,11.0000,  5, 4, 2,14,  5
 337, 1500,  50,  50,  1,  100,4, 0.0010, 0.3000,   0.2000000000, 1.0000,  1, 4, 2,14,  5
 338, 1500,  50,  50,  1,  100,4, 0.0010, 0.3000,   0.2000000000, 1.0000,  5, 4, 2,14,  5
 339, 1500,  50,  50,  1,  100,4, 0.0010, 0.3000,   0.2000000000, 3.0000,  1, 4, 2,14,  5
 340, 1500,  50,  50,  1,  100,4, 0.0010, 0.3000,   0.2000000000, 3.0000,  5, 4, 2,14,  5
 341, 1500,  50,  50,  1,  100,4, 0.0010, 0.3000,   0.2000000000, 5.0000,  1, 4, 2,14,  5
 342, 1500,  50,  50,  1,  100,4, 0.0010, 0.3000,   0.2000000000, 5.0000,  5, 4, 2,14,  5
 343, 1500,  50,  50,  1,  100,4, 0.0010, 0.3000,   0.2000000000, 7.0000,  1, 4, 2,14,  5
 344, 1500,  50,  50,  1,  100,4, 0.0010, 0.3000,   0.2000000000, 7.0000,  5, 4, 2,14,  5
 345, 1500,  50,  50,  1,  100,4, 0.0010, 0.3000,   0.2000000000, 9.0000,  1, 4, 2,14,  5
 346, 1500,  50,  50,  1,  100,4, 0.0010, 0.3000,   0.2000000000, 9.0000,  5, 4, 2,14,  5
 347, 1500,  50,  50,  1,  100,4, 0.0010, 0.3000,   0.2000000000,11.0000,  1, 4, 2,14,  5
 348, 1500,  50,  50,  1,  100,4, 0.0010, 0.3000,   0.2000000000,11.0000,  5, 4, 2,14,  5
 349, 1500,  50,  50,  1,  100,4, 0.0010, 0.3000,   0.0500000000, 1.0000,  1, 4, 2,14,  5
 350, 1500,  50,  50,  1,  100,4, 0.0010, 0.3000,   0.0500000000, 1.0000,  5, 4, 2,14,  5
 351, 1500,  50,  50,  1,  100,4, 0.0010, 0.3000,   0.0500000000, 3.0000,  1, 4, 2,14,  5
 352, 1500,  50,  50,  1,  100,4, 0.0010, 0.3000,   0.0500000000, 3.0000,  5, 4, 2,14,  5
 353, 1500,  50,  50,  1,  100,4, 0.0010, 0.3000,   0.0500000000, 5.0000,  1, 4, 2,14,  5
 354, 1500,  50,  50,  1,  100,4, 0.0010, 0.3000,   0.0500000000, 5.0000,  5, 4, 2,14,  5
 355, 1500,  50,  50,  1,  100,4, 0.0010, 0.3000,   0.0500000000, 7.0000,  1, 4, 2,14,  5
 356, 1500,  50,  50,  1,  100,4, 0.0010, 0.3000,   0.0500000000, 7.0000,  5, 4, 2,14,  5
 357, 1500,  50,  50,  1,  100,4, 0.0010, 0.3000,   0.0500000000, 9.0000,  1, 4, 2,14,  5
 358, 1500,  50,  50,  1,  100,4, 0.0010, 0.3000,   0.0500000000, 9.0000,  5, 4, 2,14,  5
 359, 1500,  50,  50,  1,  100,4, 0.0010, 0.3000,   0.0500000000,11.0000,  1, 4, 2,14,  5
 360, 1500,  50,  50,  1,  100,4, 0.0010, 0.3000,   0.0500000000,11.0000,  5, 4, 2,14,  5
 361, 1500,  50,  50,  1,  100,4, 0.0010, 0.3000,   0.0125000000, 1.0000,  1, 4, 2,14,  5
 362, 1500,  50,  50,  1,  100,4, 0.0010, 0.3000,   0.0125000000, 1.0000,  5, 4, 2,14,  5
 363, 1500,  50,  50,  1,  100,4, 0.0010, 0.3000,   0.0125000000, 3.0000,  1, 4, 2,14,  5
 364, 1500,  50,  50,  1,  100,4, 0.0010, 0.3000,   0.0125000000, 3.0000,  5, 4, 2,14,  5
 365, 1500,  50,  50,  1,  100,4, 0.0010, 0.3000,   0.0125000000, 5.0000,  1, 4, 2,14,  5
 366, 1500,  50,  50,  1,  100,4, 0.0010, 0.3000,   0.0125000000, 5.0000,  5, 4, 2,14,  5
 367, 1500,  50,  50,  1,  100,4, 0.0010, 0.3000,   0.0125000000, 7.0000,  1, 4, 2,14,  5
 368, 1500,  50,  50,  1,  100,4, 0.0010, 0.3000,   0.0125000000, 7.0000,  5, 4, 2,14,  5
 369, 1500,  50,  50,  1,  100,4, 0.0010, 0.3000,   0.0125000000, 9.0000,  1, 4, 2,14,  5
 370, 1500,  50,  50,  1,  100,4, 0.0010, 0.3000,   0.0125000000, 9.0000,  5, 4, 2,14,  5
 371, 1500,  50,  50,  1,  100,4, 0.0010, 0.3000,   0.0125000000,11.0000,  1, 4, 2,14,  5
 372, 1500,  50,  50,  1,  100,4, 0.0010, 0.3000,   0.0125000000,11.0000,  5, 4, 2,14,  5
 373, 1500,  50,  50,  1,  100,4, 0.0010, 0.3000,   0.0031250000, 1.0000,  1, 4, 2,14,  5
 374, 1500,  50,  50,  1,  100,4, 0.0010, 0.3000,   0.0031250000, 1.0000,  5, 4, 2,14,  5
 375, 1500,  50,  50,  1,  100,4, 0.0010, 0.3000,   0.0031250000, 3.0000,  1, 4, 2,14,  5
 376, 1500,  50,  50,  1,  100,4, 0.0010, 0.3000,   0.0031250000, 3.0000,  5, 4, 2,14,  5
 377, 1500,  50,  50,  1,  100,4, 0.0010, 0.3000,   0.0031250000, 5.0000,  1, 4, 2,14,  5
 378, 1500,  50,  50,  1,  100,4, 0.0010, 0.3000,   0.0031250000, 5.0000,  5, 4, 2,14,  5
 379, 1500,  50,  50,  1,  100,4, 0.0010, 0.3000,   0.0031250000, 7.0000,  1, 4, 2,14,  5
 380, 1500,  50,  50,  1,  100,4, 0.0010, 0.3000,   0.0031250000, 7.0000,  5, 4, 2,14,  5
 381, 1500,  50,  50,  1,  100,4, 0.0010, 0.3000,   0.0031250000, 9.0000,  1, 4, 2,14,  5
 382, 1500,  50,  50,  1,  100,4, 0.0010, 0.3000,   0.0031250000, 9.0000,  5, 4, 2,14,  5
 383, 1500,  50,  50,  1,  100,4, 0.0010, 0.3000,   0.0031250000,11.0000,  1, 4, 2,14,  5
 384, 1500,  50,  50,  1,  100,4, 0.0010, 0.3000,   0.0031250000,11.0000,  5, 4, 2,14,  5
 385, 1500,  50,  50,  1,  100,4, 0.0010, 0.3000,   0.0007812500, 1.0000,  1, 4, 2,14,  5
 386, 1500,  50,  50,  1,  100,4, 0.0010, 0.3000,   0.0007812500, 1.0000,  5, 4, 2,14,  5
 387, 1500,  50,  50,  1,  100,4, 0.0010, 0.3000,   0.0007812500, 3.0000,  1, 4, 2,14,  5
 388, 1500,  50,  50,  1,  100,4, 0.0010, 0.3000,   0.0007812500, 3.0000,  5, 4, 2,14,  5
 389, 1500,  50,  50,  1,  100,4, 0.0010, 0.3000,   0.0007812500, 5.0000,  1, 4, 2,14,  5
 390, 1500,  50,  50,  1,  100,4, 0.0010, 0.3000,   0.0007812500, 5.0000,  5, 4, 2,14,  5
 391, 1500,  50,  50,  1,  100,4, 0.0010, 0.3000,   0.0007812500, 7.0000,  1, 4, 2,14,  5
 392, 1500,  50,  50,  1,  100,4, 0.0010, 0.3000,   0.0007812500, 7.0000,  5, 4, 2,14,  5
 393, 1500,  50,  50,  1,  100,4, 0.0010, 0.3000,   0.0007812500, 9.0000,  1, 4, 2,14,  5
 394, 1500,  50,  50,  1,  100,4, 0.0010, 0.3000,   0.0007812500, 9.0000,  5, 4, 2,14,  5
 395, 1500,  50,  50,  1,  100,4, 0.0010, 0.3000,   0.0007812500,11.0000,  1, 4, 2,14,  5
 396, 1500,  50,  50,  1,  100,4, 0.0010, 0.3000,   0.0007812500,11.0000,  5, 4, 2,14,  5
 397, 1500,  50,  50,  1,  100,4, 0.0010, 0.3000,   0.0001953125, 1.0000,  1, 4, 2,14,  5
 398, 1500,  50,  50,  1,  100,4, 0.0010, 0.3000,   0.0001953125, 1.0000,  5, 4, 2,14,  5
 399, 1500,  50,  50,  1,  100,4, 0.0010, 0.3000,   0.0001953125, 3.0000,  1, 4, 2,14,  5
 400, 1500,  50,  50,  1,  100,4, 0.0010, 0.3000,   0.0001953125, 3.0000,  5, 4, 2,14,  5
 401, 1500,  50,  50,  1,  100,4, 0.0010, 0.3000,   0.0001953125, 5.0000,  1, 4, 2,14,  5
 402, 1500,  50,  50,  1,  100,4, 0.0010, 0.3000,   0.0001953125, 5.0000,  5, 4, 2,14,  5
 403, 1500,  50,  50,  1,  100,4, 0.0010, 0.3000,   0.0001953125, 7.0000,  1, 4, 2,14,  5
 404, 1500,  50,  50,  1,  100,4, 0.0010, 0.3000,   0.0001953125, 7.0000,  5, 4, 2,14,  5
 405, 1500,  50,  50,  1,  100,4, 0.0010, 0.3000,   0.0001953125, 9.0000,  1, 4, 2,14,  5
 406, 1500,  50,  50,  1,  100,4, 0.0010, 0.3000,   0.0001953125, 9.0000,  5, 4, 2,14,  5
 407, 1500,  50,  50,  1,  100,4, 0.0010, 0.3000,   0.0001953125,11.0000,  1, 4, 2,14,  5
 408, 1500,  50,  50,  1,  100,4, 0.0010, 0.3000,   0.0001953125,11.0000,  5, 4, 2,14,  5
 409, 1500,  50,  50,  1,  100,4, 0.0010, 0.3000,   0.0000488281, 1.0000,  1, 4, 2,14,  5
 410, 1500,  50,  50,  1,  100,4, 0.0010, 0.3000,   0.0000488281, 1.0000,  5, 4, 2,14,  5
 411, 1500,  50,  50,  1,  100,4, 0.0010, 0.3000,   0.0000488281, 3.0000,  1, 4, 2,14,  5
 412, 1500,  50,  50,  1,  100,4, 0.0010, 0.3000,   0.0000488281, 3.0000,  5, 4, 2,14,  5
 413, 1500,  50,  50,  1,  100,4, 0.0010, 0.3000,   0.0000488281, 5.0000,  1, 4, 2,14,  5
 414, 1500,  50,  50,  1,  100,4, 0.0010, 0.3000,   0.0000488281, 5.0000,  5, 4, 2,14,  5
 415, 1500,  50,  50,  1,  100,4, 0.0010, 0.3000,   0.0000488281, 7.0000,  1, 4, 2,14,  5
 416, 1500,  50,  50,  1,  100,4, 0.0010, 0.3000,   0.0000488281, 7.0000,  5, 4, 2,14,  5
 417, 1500,  50,  50,  1,  100,4, 0.0010, 0.3000,   0.0000488281, 9.0000,  1, 4, 2,14,  5
 418, 1500,  50,  50,  1,  100,4, 0.0010, 0.3000,   0.0000488281, 9.0000,  5, 4, 2,14,  5
 419, 1500,  50,  50,  1,  100,4, 0.0010, 0.3000,   0.0000488281,11.0000,  1, 4, 2,14,  5
 420, 1500,  50,  50,  1,  100,4, 0.0010, 0.3000,   0.0000488281,11.0000,  5, 4, 2,14,  5
